PROJECT,minh@gmail.com,20231215222753661.msg,unread
